2.73460693503954 
4.3338317160030435 
2.6201719793825218 
3.2913280462608983 
3.3139862675652068 
2.4381240072933283 
2.037616442732367 
1.8104448220150569 
2.5875901211828976 
4.244264894608898 
3.3422262732720966 
0.893618062362356 
4.638707637631612 
1.5290860614982635 
0.6759143363624394 
2.465362484135686 
2.95910108118471 
1.4481278223762133 
1.3523118040845363 
3.553641997902182 
3.8936573194484807 
4.973656955289575 
3.746139188041199 
2.554600459679829 
0.772151488062051 
2.2227030037681987 
3.6504273970096177 
3.4731568291446555 
3.7324616680501412 
4.1929814205124485 
1.9412152361832717 
4.377651566848682 
2.4824770987491247 
0.3649746161175219 
0.7672554526027782 
1.2860444538707834 
0.758681564699684 
3.0489038129014725 
1.2830243593953483 
3.1611157222620627 
1.6961997472794261 
3.0533309900004135 
1.1723085509807967 
2.6323554717751283 
1.784648466007822 
2.8883388686261036 
2.690000177421239 
1.3624332400987023 
3.7997435122687917 
1.105744629628901 
3.329841912759257 
1.8284321184352745 
3.5424434172476964 
3.552331166639166 
1.4595076606146722 
4.665706825940259 
2.1133106442387026 
0.3932806072823418 
4.581664758337134 
3.841430763118177 
4.877325418762177 
1.2995945116749472 
2.62581368723832 
3.6537814121167327 
1.6344847307446704 
3.056663031158509 
3.9958541234426783 
2.989501272475943 
0.9477155573376626 
1.6127430874233357 
2.018934327943429 
2.38085876630445 
2.7024063817222244 
0.2652148798347581 
0.43371778942610834 
2.108112065888579 
1.4057158037580044 
1.855154662053054 
3.3147342518669 
3.3170317647272567 
3.529542218050243 
0.6071238533990008 
2.216623104644032 
0.8520630693619203 
1.168613341893797 
2.4884341282457987 
2.237731977445009 
2.3515886255644785 
1.1692660424207937 
3.838001348260518 
0.167463263385494 
5.003161286636781 
3.7407813789777924 
3.149325321824013 
2.166774613114147 
2.301881257999187 
3.8432254540693243 
3.483565962082873 
3.5953205689045413 
0.854418232759321 
1.804826989002375 
1.734492138562741 
0.38304176442326876 
0.12302423232242932 
2.7457232711263933 
1.8177373510454453 
0.6840582566394555 
1.040951166501694 
2.5448098389359384 
2.266108725369261 
2.7023706565917904 
0.9676148456904952 
1.564192929655901 
1.9867315231697988 
0.19168350980756782 
1.9279430074648038 
0.44089238512209833 
0.3938665329511351 
0.4398125304230112 
1.811122160936532 
5.005284890484639 
1.6691033591272897 
1.6533070296208634 
2.672701825486058 
5.284717429058088 
1.2795706614330735 
3.886237566296794 
2.801763818041004 
2.3081957476334054 
0.5418582961061198 
1.289405038764094 
3.3663113005677707 
2.1777211992360956 
1.8017262433536838 
2.769338923175782 
2.669474696664124 
2.4141821418356613 
1.0266478688299698 
2.6208657624417633 
2.227087309773075 
2.541118092109125 
2.559311116832245 
2.007975300652051 
1.9635952655443434 
1.7758087683694548 
0.4376180692102257 
3.5946256676696935 
2.3540319820567235 
1.9204706700249872 
2.100555303389261 
1.0990788641796192 
2.2824560366096276 
3.576745379545252 
1.1638943648899371 
4.030646578644941 
3.6165515904133603 
2.465601220336191 
2.1747312743883622 
0.5996144574251256 
2.4703441950219704 
0.6993129709966137 
2.6157101988892166 
2.712878766832316 
2.8345293659421764 
2.9717562235836468 
4.384937618717263 
4.684184161833768 
-0.005158562712949094 
0.7912974214598064 
2.41497681943487 
2.5702628098315103 
3.4515194015398216 
-0.14388109388866188 
0.9234935322167203 
2.7152413666220077 
1.5841945259648897 
1.5507212182892314 
4.292250619552949 
0.9852902937457435 
2.193270119135933 
2.7592975394861936 
1.9836663268470034 
1.5357841915122354 
2.2169387983870714 
4.47165211347922 
3.426918137245688 
3.510941523605223 
3.0869691540593402 
2.144380971638286 
2.7947444222989906 
3.4714827941000936 
2.407192364154741 
2.319389709073829 
-0.38264767697229707 
1.9464591984782746 
1.2714339480354822 
-0.5859836723225225 
5.470761651387683 
2.053960549141087 
4.415467199787937 
2.834474694721863 
2.3306076739807975 
1.8008145299136034 
1.4845358471912422 
1.5896192657053039 
2.3698256449450392 
3.9856897990263755 
3.038332061327621 
1.4920861316988676 
1.5752866784398356 
3.419678160975441 
1.9800805651567506 
2.1381848193095627 
1.5845063186800048 
0.03677488959599379 
1.4301063888131254 
2.837303887016476 
4.636105298480713 
3.3119469822766474 
3.770561578886497 
2.850350768404004 
3.4368493918899587 
2.4243655193046436 
4.6996180619348875 
3.4042667228185692 
3.5403635956573623 
1.4178215667974683 
1.9180109605380264 
1.5933156278957152 
1.0074586204659457 
2.4456983193095065 
2.0109019528412597 
4.1337316158697375 
3.5836209853174137 
3.0930778077143106 
3.110298894489221 
1.7200856501401665 
0.4636532526196499 
3.2493544584472205 
3.4048043059659885 
1.334907491197405 
5.699272740028152 
2.6062074121009497 
0.6288861858058209 
0.6651139952248192 
2.823453203995546 
0.17096874947141608 
3.3998757003304476 
2.62982082788039 
3.9938910744603997 
3.2696419531184224 
3.0737523579163293 
1.148988276077717 
2.756785261313668 
2.873429467132684 
1.8959556832375348 
2.5185056548419107 
1.5973844313009564 
4.319860609901032 
2.721477214874171 
0.8478361340424339 
4.20173578713979 
1.5369982499387276 
3.8620715406352084 
3.1916729634220196 
1.1495324200445685 
0.17282972153485365 
5.392467497019714 
-0.743417888522891 
4.246702179853323 
1.233144318365077 
1.3598471830318126 
4.065829279498637 
5.49966055787204 
2.4878790491275193 
3.2826892742607634 
2.3248540521989094 
2.104323832450496 
3.4282689579215133 
4.394503962693657 
4.2754097510544655 
1.4924994058264036 
2.7198515058694506 
2.009539925290703 
3.719798213190146 
1.609641030835155 
3.232217822747064 
2.836140904442063 
5.649047047361458 
3.049097824981535 
4.401868016921269 
5.252326877754215 
2.1272498068182335 
3.677509138224973 
3.124885789182997 
1.5192945326959004 
1.2467995218447958 
3.292892133303001 
2.974327868410214 
2.8452724096143966 
4.116849128535571 
0.3510863582251108 
2.308165086065707 
2.8416338781140285 
4.579476249985997 
2.317573778908011 
3.1008998939755275 
1.5242225555201685 
0.6480159707151771 
3.5987743506383705 
2.2217025720786627 
2.5152527814592616 
1.755062846119868 
0.23735366835755745 
2.950644481531369 
3.478046287488156 
3.6852040905358527 
2.3394206280579137 
3.807751096115736 
2.947209247920549 
3.3874560017050523 
4.688363510127733 
3.7056584248230817 
5.87588440665092 
3.9481495866374527 
3.2646307410143978 
3.774541259459117 
2.997192485052188 
2.6005531428723834 
3.653797348923691 
2.557940462480226 
5.238452020899603 
2.8719562242443213 
1.7858519471722978 
0.9907517243232739 
2.0418305010736018 
1.3853624304154228 
1.2083564106263358 
2.5180140808052607 
2.903136758010338 
0.9942438055984982 
2.1962382836240173 
1.5103639049580333 
2.045306786666227 
2.643465390158593 
5.8043800974033495 
4.193258615371802 
1.6093004235412056 
1.428644744845945 
1.6827833054489445 
1.1105534015394194 
0.28544291629820034 
1.05085123263918 
2.382441033336156 
2.2339256693640595 
3.128987785769539 
4.623135958994744 
1.5027436994416319 
1.7596991529990524 
1.1987531959281874 
0.7609282083054633 
0.7778008360630576 
3.6190113107715223 
2.4875154118475944 
1.7937069376821657 
2.3082703325133895 
4.0868757430851765 
0.8910508579015477 
1.0605538378337338 
1.0503753983348014 
1.2970786141408044 
2.8655563275157525 
1.2514904877548274 
0.6108483996713657 
1.303367626593747 
1.0911357996789581 
1.148686521257322 
2.044117906352074 
3.7687212305149744 
1.487523930951186 
1.318513741410745 
2.8374326720998155 
1.142909226355142 
3.647341867643969 
3.417922160569882 
2.931042412895973 
3.1774365181582787 
1.588963608453333 
1.677790989180915 
0.8918337989492642 
2.7329503683185243 
3.169049324248606 
3.4392075857102355 
1.2550545618629165 
2.894779234294375 
3.8465820505741206 
1.1008621265490648 
1.9274061183870799 
3.8724699638863562 
2.2796195994690045 
2.3834265388948497 
3.2430946145353947 
3.983357752448331 
3.11615432775146 
2.1839977867311404 
0.8329661294341957 
2.2070970276852937 
2.4134476994756113 
2.608250587651581 
2.202207938549499 
4.139729292936106 
1.4179564392403612 
3.546018814812729 
1.917977232215274 
2.2119822849918256 
2.397950502111013 
3.406370272463257 
3.482990049434141 
1.3617775924947269 
2.6513985669618725 
3.0362073894701695 
0.43160793264129516 
2.2752287851113553 
0.5797642151146686 
1.8983058205235404 
0.4246733992013588 
6.327561465872652 
2.2869194056847664 
2.7455506427828027 
2.2848672052863663 
3.261411053514051 
3.261499043609649 
2.3913714948589733 
2.1032609125378534 
1.7585006250536628 
2.256287853933668 
0.34175990743322143 
0.40596932176793477 
0.34175990743322143 
0.7449370229021267 
1.9983188758594879 
0.2589318268767117 
3.172279418767436 
3.3870605105168776 
2.0062649401367367 
0.6650408866416099 
4.843933874315952 
4.499055246855456 
2.817701033608777 
0.9639807427339839 
3.4227192865305014 
3.3592478590405457 
0.8638937561986416 
1.3760976126616578 
3.3460942500214204 
0.9346762920055047 
1.1007025734573634 
1.620810213755498 
2.122819008657482 
1.2309258955774958 
2.8195902451633943 
4.392919006465769 
2.228474071686368 
2.947051784597624 
3.1105377779664387 
0.885549923060683 
3.003844838048682 
3.1493815937313565 
3.0610920321079202 
3.0530648166977814 
2.0027465909469915 
4.843499126396204 
3.4094747867964528 
3.3460930193461955 
3.648746362356533 
3.362149372598177 
3.1433565245867907 
0.2399943778927556 
3.8760378693882367 
3.2791528660575473 
1.3851867315767548 
4.134537203912053 
2.1037115796440857 
1.946262947193321 
1.43947124414921 
3.5056647774804772 
2.2797007640405 
2.8832701108717385 
1.587130147416926 
2.0229909105263637 
3.990975443547335 
1.262523247140784 
1.6360935616519536 
1.5701840872145607 
0.7337145542954274 
-0.4015972199533411 
2.016777737509406 
3.0938554908420666 
0.8065839047986882 
2.324455642268158 
3.315145250320808 
3.4996465469412446 
2.0347611713287783 
3.4655686018775915 
3.9038025774037775 
3.190471371934014 
2.7167494627589397 
0.5170742751815579 
2.0819716460994315 
1.738426729992734 
3.415438871304551 
2.3827469208885454 
2.7851693751486093 
0.5332162398573105 
3.4348971119923326 
1.737443907682146 
1.9346595281621646 
2.441651175019978 
2.034106866269586 
2.68855785753989 
0.4093504267368785 
2.162554840972905 
1.5459498851688094 
2.472787912826936 
2.4801617552433184 
2.657238021542732 
2.889610306364012 
1.463051325624983 
2.9467223353025203 
1.8505834587967274 
1.0249536921490827 
1.5327448302649707 
1.417903527390943 
1.3525192020170371 
2.039854056973423 
1.4100928069768779 
2.1313333606358946 
1.1443299384916792 
0.5400071331332267 
0.7460230383738513 
1.911031327828618 
1.3048061381925313 
2.310562637787155 
3.9459095827717596 
0.3359791967747087 
2.4164247823655716 
3.8520339333178635 
0.8922846617353812 
2.8370089441438395 
3.7423874316492407 
1.409616305004171 
1.7253205863365304 
2.293517353676296 
1.6729252917772244 
0.5155722214613038 
1.4027251217768257 
1.5751026970953437 
4.893620028450965 
3.46799995146769 
1.5806635383773813 
2.075230155543636 
0.9229120099638688 
1.4214796545446717 
1.1199576643555593 
1.5333467443321787 
2.7764520929335337 
1.080978962995897 
1.439471740860043 
1.921433735707749 
1.638159353290814 
2.7283948274073007 
1.7167530412193988 
1.7977858871497618 
1.3943491488788382 
2.455109356468594 
2.7211252089069977 
1.5939593837311792 
3.0064927737603133 
1.2539344225077382 
0.2785774408422061 
2.809310849902316 
1.517497687425625 
0.7694178113931424 
2.5364720147273703 
2.797290904143421 
2.1245510811651767 
0.5333019112044516 
2.093915515240728 
3.021627519774453 
1.0920951580753138 
4.015094973528522 
0.4431830173208827 
0.781902083621847 
1.2040559746882906 
2.090501700301709 
4.052325064609702 
3.494788753563255 
0.1676401845226121 
0.03786697739739349 
0.2398279111746807 
2.059854668472021 
1.9065906660718517 
2.5792730312269097 
3.2365674712699204 
1.0482671872863827 
1.8256344548381094 
3.3850784317575235 
1.2515634842392473 
0.7431233166863164 
3.229710150911422 
2.364459996918237 
3.312311877398615 
2.6300131868453653 
2.5069373047546306 
1.9881452708215288 
2.0999728048173694 
1.2458028911282897 
1.2825885151000855 
4.193216325829892 
1.9823571490239638 
1.0443349138973788 
1.8723182293588905 
1.6714139711867217 
2.8224777347713834 
2.4218896785907313 
0.8441013452906072 
2.073725464934673 
2.1924954424584406 
2.1545403672895 
1.7495661872399095 
3.7036275710948097 
3.0205409840654607 
0.34806662253795195 
1.5425138982401845 
1.0104950182272048 
3.4262602536646223 
1.9402838937951585 
4.245205047617338 
2.6276028414780574 
1.786703615283696 
1.9826149167726146 
1.9675597695047558 
0.28179273742793265 
1.897401484721319 
0.7251852380813522 
1.5642259235394123 
2.913311813949584 
1.5679449186395475 
2.229331913778659 
2.9122933248418694 
3.9335558985563903 
3.608321055429829 
2.3208470587780634 
3.0897125444626408 
2.2434813066136248 
3.8029964691145084 
3.365333475120979 
2.657977176462413 
3.077631385932854 
2.2247230050281472 
3.5476946944242718 
4.43991651753307 
3.1748843793718198 
-0.16668939520548692 
1.6790029418599663 
0.5868121926043763 
0.7857258054658766 
0.624065861956928 
0.7359748666185162 
2.3111442700063725 
3.4010246039062215 
2.299630038016392 
3.372612665792488 
2.1455285864519316 
2.9442109745535014 
2.338669529031854 
0.11360093219218055 
3.190590529424636 
1.7390110294647372 
1.3331879438885659 
1.1894177125212761 
3.2876880589637363 
1.2774795247155588 
2.709584535255588 
3.3659211865535883 
4.060193569865589 
2.5247319500854917 
0.8065460443703137 
2.6311840222297773 
3.3527315905672745 
1.254001936673457 
3.568872781532639 
4.11546623211868 
3.006221319216699 
0.9783584003416261 
2.8593056644579518 
0.49838822711018793 
1.7292785615522253 
3.4997614564541277 
1.047243032260098 
0.07223245556225677 
1.6968931137201078 
1.2701122559939253 
-0.1310293656545377 
2.077237848730502 
0.3396411378534774 
2.3351048341812706 
0.1501757719957319 
1.753871552294596 
1.9097976738430253 
0.01422713599890878 
2.234476827695659 
2.9331498206495334 
0.9241521284312135 
1.4844948658727775 
1.9796536214613023 
2.554727394842852 
1.3554801636495781 
1.3765462898445313 
2.8883529661669214 
2.116174109287493 
2.7002692386078904 
3.426784978173966 
2.9862996728344497 
2.4308895599058062 
1.291746033018427 
3.868485856916839 
4.609666117998817 
2.1170904394579457 
1.8843957713461974 
3.837643151155964 
4.04519704075981 
2.9864569343975758 
2.6985767328163863 
1.4413363496011586 
2.1710595494362335 
1.7631300072609737 
0.6703875128959185 
4.059961984459148 
3.510640376334519 
4.27398336107273 
3.7353576126833437 
0.5763058340896989 
1.2887941004083454 
1.5262703868315763 
4.337567957069749 
1.1970625530001997 
2.1011835801602357 
3.3487957960888077 
2.94995435239773 
3.8027378315245186 
1.2272238014139392 
1.5626507875529663 
1.3295188681078012 
1.001097248466202 
1.670331296112081 
0.6436093274110369 
0.32890697714870304 
1.602064175871587 
1.2515752421589457 
2.9748871208028955 
3.7873043460803677 
2.00070434385691 
1.4817871491424668 
2.884024486470138 
2.523927101670366 
0.8274615818692231 
3.3105804974861672 
2.7830685209404185 
1.67130092796423 
1.8840819776807918 
2.7313825179482447 
2.0923747734255573 
1.9877013468729696 
3.0684476151275857 
0.8282170847157717 
0.3437045663426097 
3.079865830294433 
2.464685610930316 
3.043564267694904 
4.205593333238403 
2.4119549400556157 
2.62930171084348 
0.2556229330000767 
2.8085611987283756 
1.4164280745139328 
1.116030649905869 
0.30770185528464783 
3.405569198059036 
2.2791273069450986 
1.3179313576762186 
3.237472410837555 
2.3931624873975323 
4.05074710533004 
1.8083774201776321 
2.700615849749616 
1.7052258980796133 
0.3462084511881597 
0.8003302481415929 
1.9443209320398172 
2.0189232589024146 
1.4962183675851024 
1.956956941279565 
1.2091214759089575 
2.2424703843742138 
4.565783891837498 
1.1287618763762484 
1.5678095890266417 
1.3543048174689905 
1.5268217496867849 
1.876084171665322 
1.6846204644732519 
2.273521752995902 
0.878024741480988 
4.318236132623384 
0.8976756343899697 
0.5007049707947737 
2.043274120619946 
1.6631352162179045 
3.203053434522206 
1.68457321861602 
0.5017632547501227 
3.700286031459899 
2.449206816896783 
3.311303680045502 
2.9868652164678395 
2.147789915680108 
0.6887437519694546 
1.2913751911467548 
0.17560494829619722 
2.9240324784677325 
2.808538576073691 
2.7873344488293763 
0.9715086278044152 
1.4542724172892443 
1.3882461993772228 
1.661587198916029 
-0.12361699995214412 
0.6328379014816728 
1.5250306816690897 
1.1637718564645927 
2.1273400545397547 
3.05487578042254 
3.4452790220959923 
4.318206600227487 
1.9506437282508313 
3.77810782546155 
1.5226665437317857 
0.02001797975910923 
1.1382841799346808 
1.4890688315582237 
0.17560494829619722 
2.0382962676343146 
1.9569994705067284 
2.7792983908719977 
1.2956065886964496 
0.5268148448885913 
0.33068062515518104 
0.4200105659090889 
1.7374023664602842 
0.679192516236697 
2.3164050639833964 
4.067464490183772 
3.6182750362323466 
3.3565635843357198 
1.6913750477532419 
2.985879735873453 
0.9076161800123023 
1.8458264676127116 
1.0579726920221308 
1.3908316099634168 
3.656564569720722 
2.484163458351203 
4.301396935145774 
2.395588283625884 
1.9494563698775171 
1.4760889274146944 
1.7445858066421576 
2.072137199628977 
2.642276803806673 
2.159842154300355 
2.480425548057788 
1.5182197013130485 
0.4977671692943914 
0.8442087357961712 
1.8639446376017883 
4.213553115168051 
1.3775028265808342 
1.8383969305400993 
1.2931916687917004 
0.14168178547381502 
0.7365478408347359 
0.9192155739019903 
0.458646097341653 
3.0973736722974285 
3.1084143295619016 
0.23690422466075858 
0.4937278213743349 
0.7407178839060717 
3.5811044177183238 
0.9931356816904652 
2.976837649336463 
2.3333000624986773 
3.470264740907815 
1.7131789369465968 
1.5406741045901227 
0.23574079255357525 
1.0509559947973985 
2.3848015869386114 
1.36176928161425 
1.0551301208720938 
1.4929186543848398 
1.4436087776130768 
1.4938144279908738 
2.809838093265312 
2.017542604605875 
1.0779364939679685 
1.5380237128984273 
3.946767028934691 
0.18964434058912968 
3.776164278512981 
2.4910257738010877 
3.535836264920042 
2.233618795171797 
1.376496751907783 
4.169180700761181 
1.9329491288942648 
2.714336975366259 
1.5243889770893286 
2.897014798067257 
1.4313533750622254 
2.630724671389801 
0.47090818404651225 
1.869432917838759 
1.6921907484866572 
1.980527714937313 
1.1090865993967307 
1.0257106175315402 
2.973224797507215 
2.1115115474858395 
0.921835746020709 
3.8924631916444445 
1.5844862498600916 
3.4292288961119555 
2.5424762851046805 
1.9290067930568888 
-0.220885999373804 
1.6177966142393745 
0.3736059812042701 
2.2110374448086625 
1.1171306315728569 
2.106561049978225 
1.870582704333941 
1.610131775665114 
2.098936962161326 
2.5673962419617298 
0.09589709473040205 
1.4185093570684024 
3.1030722275701423 
2.2546214900753765 
2.2055503011764865 
2.093594033431703 
1.5970850878911638 
1.0745498988652709 
1.0808451819419338 
2.8949209492380135 
0.8753724594255011 
0.3780479519250704 
2.4363407745807466 
0.8401978282976335 
1.2728518851497805 
1.25188848782379 
-0.02263273808089382 
1.8087811672317564 
3.3997370320811795 
0.706487157380133 
2.3659199180714316 
0.6319761243734205 
2.6736907741031324 
1.7085045391964029 
0.35932358515502566 
1.3616289471466678 
0.7821398093291485 
1.5472752599284754 
0.9979641560742061 
0.634938581125434 
0.4540895036115275 
0.9299752154613863 
1.8332244300007186 
1.7540378845973192 
1.371989855160229 
1.0991680771997063 
2.6011240778698688 
0.6830665543926193 
2.559602693035731 
1.0242250929487282 
0.3562810770499319 
1.5030653426562637 
0.4894360952598753 
1.810892246127021 
1.0692516010856712 
0.18749347134031505 
0.5159660379754404 
0.01617900994849459 
2.1496553324983716 
0.556182257435779 
3.062143877942644 
2.4102051925288253 
2.4593055220347626 
2.9387975088537495 
5.086388919202692 
0.09176235289569096 
0.8494498106266141 
3.422258060927677 
0.6874429698245814 
1.923995644525728 
2.7398030576661547 
1.1863886718875036 
0.9119184346104043 
2.0571036015001476 
1.857582026920695 
1.678512111023621 
1.3430801141818316 
1.6873568363552531 
1.4813959068106315 
0.19712942834347918 
0.7656555268918941 
2.560441189619398 
0.871714072600098 
1.7067854498634696 
0.21803816962919428 
1.528134228917215 
0.9188092053409923 
1.263647266661131 
2.495259298370349 
1.4189032764128995 
1.3454023461890672 
0.9896833112297907 
4.179950136074654 
0.7029339450624104 
3.1290244337867965 
1.17272897917568 
0.6793597468282114 
2.164259878551756 
1.7743672548910225 
1.9390581668130413 
3.5128468074064574 
1.4836834132604106 
1.1060692466199662 
1.6655155511666875 
1.9677019087454675 
0.8733820137982503 
2.700881892971661 
0.9546837763173186 
1.1992396114227644 
0.32312746307409324 
0.5656905603858624 
1.2840953537936217 
1.5037863514659267 
1.1029097154166347 
1.5268939254479263 
1.33430121221373 
2.041039270186894 
0.5990192940163028 
0.47829591375996805 
1.3158800482766486 
1.0862834219198223 
1.9452707507185665 
1.4862509604165814 
2.976935535521456 
1.191833411545773 
1.0174481213982385 
0.7532151845955755 
1.6030706857930348 
0.44713185723134263 
0.9173496502788032 
-0.08568722466691907 
0.9696561577532935 
2.1288109416528713 
0.2035194733652524 
0.5162408133485872 
1.3723243166343866 
0.14217835669506004 
1.7995266000437853 
1.1903627341473482 
1.9246567890212738 
0.4900466732336374 
0.9140699232276052 
1.1576115432381782 
1.4796467337628303 
2.1148803807669156 
0.7245941582508945 
0.9280016046051619 
0.49537248081917773 
1.0868219963202819 
0.010512263497892069 
2.657211052334299 
0.42512450008938263 
1.1675995132423733 
1.5493501917168486 
0.37233075577994923 
0.366812105574727 
1.9293581124876742 
0.18435452953351117 
0.6975736868056096 
0.579108865170919 
1.7803468528153852 
1.1082178984789315 
0.40528246304260673 
1.2036074193379676 
0.9113950773991079 
0.9285187298438932 
1.6579395056684092 
0.2627601649012658 
1.7484026157515873 
0.751729441354066 
0.3578170343702345 
2.40956486887445 
1.6104233791333191 
1.5383264450525704 
3.209597981543037 
-0.04380933909208215 
0.2947226481080188 
0.04728685185263151 
0.18958422633600697 
0.9764216739223662 
0.2812620503913087 
1.7927112783550034 
3.138923707988158 
-0.1678725876828112 
2.8102713407795186 
0.6436727468567556 
1.7114247099323956 
1.7909272586077043 
2.286929814118914 
1.5527307782761959 
1.8154099477829144 
0.11009815819571037 
1.2678941252700553 
1.7538956177161982 
0.8543559443297325 
1.5686995903322443 
2.3695936683923726 
1.05627642068791 
0.3233617701387911 
0.27436929751321487 
1.8401386680843725 
-0.022682141198603976 
1.318333099002275 
0.7052647618973567 
0.6641721599856973 
1.836291044044617 
2.1438401279795314 
0.8956799859504752 
1.158055495936805 
0.05247418903138218 
0.2943479353122386 
1.619684842370267 
0.5443160233977601 
2.039482021297775 
0.6029169546772917 
0.6113913174958441 
1.481400547043902 
0.4985810735812151 
0.3769440372691464 
1.2656831667311659 
0.9553219160931884 
1.015064487822337 
1.9252759574934593 
2.086711397216302 
1.8036854239145024 
1.1124282266203558 
0.6408716871192073 
1.3274562888553851 
0.1729541256297128 
1.903447995403129 
0.08185390877137123 
1.701917586875326 
0.8581296459369413 
0.9331012421483132 
1.4744509413816145 
1.7396479878220472 
0.7574645812503883 
0.8332506708085847 
1.3384100891144466 
1.5335814636302918 
1.2239153652331798 
1.0122868288876434 
0.45107008110274327 
0.7121229531109124 
0.2968996238107902 
2.4084365703854114 
1.6805552096887424 
2.988148112854812 
1.5022038126182928 
1.117786851461268 
1.977462143489278 
1.9623150367502962 
1.4037027152594304 
0.49703523949628176 
0.18471428136672446 
1.1946465596867166 
1.1716694090711537 
0.7273805686801209 
0.9742067315771248 
1.0675191083972475 
1.0192011654615605 
2.255342301644181 
1.644158848790532 
1.087401176296508 
1.517702874004542 
0.5353754057565798 
0.6792915343708508 
0.689631539379425 
0.43230440785319263 
0.32611182792512083 
0.955483509291563 
1.0832922802685883 
1.1940579931305224 
2.5484377814552186 
2.7152120332521603 
0.7062538955194003 
0.911038742510636 
1.8810742754687637 
0.3096705630993134 
2.5862269894549157 
0.23641779845581534 
0.49655394548698806 
0.42015309331471534 
0.6469395186618263 
1.3814839245722657 
1.263778924113703 
1.0716160954955587 
0.23298717180441564 
0.003436985820511995 
0.0025777393653837735 
0.2915069583630872 
0.8996141833603395 
1.5481501332905214 
0.8938812076062503 
0.40347790393694855 
0.08102715585211843 
0.44858863594606796 
1.4803762838871806 
2.3150824573457442 
0.26978017063013515 
0.49007107911255254 
1.797587096658192 
1.0905495159045524 
0.2934075260429409 
0.7649614901531825 
1.808523666834523 
0.31915773395278396 
0.2759932862755309 
1.524743562723869 
1.1101024624959206 
1.128120261197513 
0.7929588776759335 
0.20247805306176633 
0.22186783113154573 
0.5277487559619107 
1.3867668527900816 
1.2865343455478155 
0.5746295957364673 
1.9714105140132643 
1.2422759332109445 
2.0824672735881298 
1.3063029022915658 
0.8484293206310494 
0.5417904703342085 
1.1848482942772514 
0.2090215725593168 
1.1270156676729888 
0.7374878651664943 
0.3636497143281912 
0.5690555171942333 
0.9871071832861601 
1.0324553834467078 
0.7192680600869067 
1.0946398088779223 
1.2829422940396982 
0.5201261058851235 
-0.030951950124256042 
1.2767811243167246 
1.2707225705496066 
1.5942148022218292 
0.4174727681601748 
2.269983267824008 
0.27475221240829417 
0.18518742224766424 
1.2742463756425066 
0.19121284951503406 
0.2520539206923946 
0.005305071491926111 
0.5819448639198914 
1.4032393125200453 
0.9454312561555075 
0.5120722303732952 
0.16930858301299126 
0.4286895102914269 
0.296202447965249 
0.46112269878801027 
0.3520128039848633 
-0.002930950748734368 
0.8670045946059486 
0.03826789462560959 
0.06331794867257179 
0.07166796668822573 
-0.008350018015653988 
-0.025050054046961708 
2.168823800175038 
0.6983862685287694 
0.4369120387274794 
0.43463992228063025 
0.4214226322662151 
0.4149352832718106 
0.06626280099984162 
0.15059198347156988 
1.1293823108348573 
0.07359740867638409 
0.7661657788189905 
1.0103481470993567 
0.46922292174165703 
0.30594295976271146 
0.07359740867638409 
-0.04520838664536792 
0.10071633821868259 
0.49972534088678044 
0.07359740867638409 
0.4255014027523787 
-0.04926684206946246 
0.03744650723006893 
-0.13876057633316982 
0.15361539338026395 
0.6978488198458118 
0.8382604678555636 
0.6768672387597549 
0.25050327196505134 
0.07359740867638409 
0.07359740867638409 
0.07359740867638409 
0.09632352879739137 
0.07359740867638409 
1.5723426482314045 
0.1337332529337614 
0.2786007822214459 
-0.006239142234381878 
0.07359740867638409 
0.07359740867638409 
0.003435603091953312 
0.9980467347610866 
0.07359740867638409 
0.656931511227293 
0.06513756881664931 
0.029261470070965804 
1.1684166713288018 
0.15693884700519642 
0.19784276187819194 
0.15361539338026395 
0.11731036342967487 
0.6772665440671358 
0.09801292624904573 
0.07359740867638409 
0.07359740867638409 
0.05308807934142978 
0.07359740867638409 
0.8044436515400571 
2.0604387012260665 
0.7842931094995464 
1.3169838949723824 
-0.016600852069862376 
0.16641742897290818 
0.07359740867638409 
0.0933526464076353 
2.126528498476029 
0.8813838144882615 
0.6082976786300233 
1.073789875442424 
1.7392848644878631 
1.55875028424455 
0.5968906965287492 
0.3259410730526759 
0.3445715649387461 
0.3424821542370974 
0.34858946870611585 
0.4246853384656979 
0.4225001389409766 
1.2945302725597723 
0.15053775226221192 
0.26246416953321766 
0.40543774118937553 
0.26553353213004033 
0.46855229041696334 
0.48827272923707177 
1.1668334215941172 
0.016827049125651253 
0.7728461154705698 
0.19019025784775853 
0.2346434340236042 
1.9730660197317664 
1.4171411281898403 
0.40470692503209565 
1.2016173358210043 
0.6047977301597526 
0.4935003520499607 
0.8591823798007341 
1.3025468853064992 
0.07865087515700925 
0.3747179252813512 
0.1650249537727944 
1.4014924748851556 
-0.07019254431047395 
1.3597282878803703 
0.022724866672978718 
0.8013521290045176 
0.27993497059749667 
0.15999847391402278 
1.2913498624531785 
0.3424173959140876 
0.05830691291184402 
1.7228625278216696 
0.19191844021609267 
0.3673337086410335 
0.4103124005479304 
1.2809104565049025 
1.094083208340215 
0.14420416440361508 
1.7026594314838113 
0.20112297937313917 
0.05498724292169378 
0.24385660064131898 
0.08488654989929105 
0.012249694233391192 
0.4440617111279825 
1.3048839697208792 
0.5287592062817934 
0.7376215036117041 
0.24178986326229365 
0.5770093020294267 
0.3058692946739689 
0.7973377813907283 
0.4732233713014454 
0.25449632057793165 
1.2248883264374981 
1.7486411517331706 
1.4555590811293904 
0.3975254501607431 
1.5519241445537986 
1.414071147622657 
0.32593527276700074 
0.6916993532089372 
0.53003393354766 
0.26501696677383 
0.3735239607337305 
0.25773566845752993 
1.0825261422358752 
0.3975254501607431 
0.53003393354766 
0.8060397047749318 
0.3975254501607431 
0.26501696677383 
2.170364513909032 
0.7045541389507379 
0.041834104771600863 
0.6870177850801151 
1.361762111307954 
0.05569462663729334 
0.3807423119329909 
1.7944622078071097 
0.22341426241465015 
0.4320884868388557 
0.14977874505855043 
1.8039115565057429 
-0.09201757683997196 
1.156692389538028 
-0.0018237356585672927 
0.18704302519826588 
1.1021565968560831 
1.4389611793222357 
1.4447388210969483 
0.7927004794162226 
0.2002642185472299 
0.5410157486145283 
0.4190477408183419 
0.7956423732365823 
0.17314209253565188 
0.3266839605853516 
0.9347494486540261 
0.5215068930133877 
1.634966224493621 
0.829844236137966 
0.6925683701426075 
0.17314209253565188 
0.17314209253565188 
1.02770627884321 
0.7323175395250167 
0.3433837798936433 
0.6925683701426075 
2.1846497468323287 
0.8158740428043693 
1.4257912630176026 
0.1284342839654746 
1.3285203560371375 
0.30510793851672213 
-0.055408299011865364 
1.3226479861876135 
0.002097523651055256 
0.10683657686355835 
0.6158367680899561 
0.05966596778018242 
0.19281896275626312 
0.7321911820900731 
0.24306891391119423 
1.1015653564733463 
0.039552347505989974 
1.4874283796980856 
0.6085078051650239 
0.9477564256437433 
0.23515040550953653 
0.05633582707633529 
0.370281459182083 
0.10310676723592511 
0.01576096203585668 
0.7154111253155805 
-0.01110541125246891 
0.03721875959289073 
0.1935766521274847 
0.17862734435795993 
0.9853153721059322 
0.1899550040405688 
0.5028241295886247 
0.6565093067973803 
0.04501478427787921 
0.1277392613793533 
1.5375251376993357 
0.4610605199981832 
0.44678715310354544 
1.296874446870924 
0.44327979837852516 
0.9242329720787043 
0.16237111903152715 
0.2810437743763318 
0.07494520952494661 
0.27241168719317704 
0.23698298381568525 
0.08001798470387977 
0.3668352383794644 
0.08001798470387977 
0.7140198993623204 
0.3807630284959023 
0.23511743643265937 
0.12815129891471427 
1.2965408890193464 
0.9540738534739589 
0.06360692541381388 
0.10942038437211041 
0.08001798470387977 
0.47339743095293996 
0.08001798470387977 
0.7352552485364288 
0.08001798470387977 
0.08001798470387977 
0.08001798470387977 
0.08001798470387977 
0.08001798470387977 
0.08001798470387977 
0.08001798470387977 
0.08001798470387977 
0.08001798470387977 
0.08001798470387977 
0.08001798470387977 
0.08001798470387977 
0.2567379878740937 
0.08001798470387977 
0.08001798470387977 
0.08001798470387977 
0.08001798470387977 
1.0310208566915389 
0.08001798470387977 
0.08001798470387977 
0.08001798470387977 
0.08001798470387977 
0.08001798470387977 
0.08001798470387977 
1.3480218140207614 
0.08001798470387977 
0.08001798470387977 
0.2688847455607131 
0.672791516117588 
0.2688847455607131 
0.5269450107580853 
0.7044233728101397 
0.0874259095065802 
0.3563559284483142 
0.03661988701626 
0.03661988701626 
0.16311785821946903 
0.5836560449498298 
-0.19735072954629995 
1.0074295148682069 
0.014260564625234862 
0.9272746524570294 
0.3083959396925745 
0.20679926897170475 
0.9956668581560326 
0.03067922953482379 
1.0275691055472875 
0.173391797613901 
0.32465402577430585 
0.24606069181725923 
0.41461110201267193 
0.308556652932313 
0.12259855272912136 
0.04558920657183305 
0.42198346227338024 
-0.05106633550377887 
0.179287431588273 
-0.012196716236486611 
-0.06258591014970727 
0.22965542682622386 
0.03046912131388166 
-0.021601660197049066 
1.5494760849908846 
0.03405274948266663 
0.06810549896533326 
0.01625278486250166 
-0.045007204012709315 
0.9043111256536588 
0.8329526242719787 
0.9510028719876609 
1.2658285254336352 
0.9510028719876609 
0.9510028719876609 
0.6340019146584399 
0.9510028719876609 
1.2680038293168798 
0.9510028719876609 
0.9510028719876609 
0.9870710904342924 
0.9510028719876609 
0.9510028719876609 
1.4704372934515544 
1.7119260822218432 
0.44291213123377543 
1.2680038293168798 
0.9890279807481126 
0.9510028719876609 
0.6340019146584399 
0.9510028719876609 
1.2680038293168798 
1.2680038293168798 
0.07327265654537093 
-0.004483939783680571 
-0.005745472491400913 
0.06808634273237969 
0.1817343054722695 
0.04958007513862096 
0.45481790183583837 
-7.251012944152549E-4 
-0.0014502025888305098 
-0.03630376432847808 
0.2474395108152215 
0.12591117390455558 
0.3377372777194003 
0.12591117390455558 
0.12591117390455558 
0.1888667608568333 
0.1888667608568333 
0.12591117390455558 
0.1888667608568333 
0.0034744330918366753 
-0.00754099152273107 
-0.022727235834961383 
-0.2130600812882483 
0.11766809934139438 
0.0784453995609293 
-0.041435395268891374 
0.031047543067977208 
0.09314262920393204 
0.062095086135954415 
-0.039830318854436136 
-0.0050640550753419 
